6754
6755
6756
6875
6876
6877
6878
6879
6996
6997
6998
6999
7000
7001
7116
7117
7118
7119
7120
7121
7236
7237
7238
7239
7240
7241
7356
7357
7358
7359
7360
7361
7477
7478
7479
7480
7481
7597
7598
7599
7600
7601
7717
7718
7719
7720
7721
8677
8678
8679
8680
8681
8796
8797
8798
8799
8800
8801
8915
8916
8917
8918
8919
8920
8921
9035
9036
9037
9038
9039
9040
9041
9155
9156
9157
9158
9159
9160
9161
9275
9276
9277
9278
9279
9280
9281
9395
9396
9397
9398
9399
9400
9401
9516
9517
9518
9519
9520
9637
9638
9639
